5.000000000000000000e+01 1.311627579764927077e+03
1.000000000000000000e+02 9.274607560430791864e+02
1.500000000000000000e+02 7.572685362538179561e+02
2.000000000000000000e+02 6.558137898824635386e+02
2.500000000000000000e+02 5.865776859035809139e+02
3.000000000000000000e+02 5.354697171642856119e+02
3.500000000000000000e+02 4.957486269702188224e+02
4.000000000000000000e+02 4.637303780215395932e+02
4.500000000000000000e+02 4.372091932549756734e+02
5.000000000000000000e+02 4.147730593951347942e+02
5.500000000000000000e+02 3.954705951602010714e+02
6.000000000000000000e+02 3.786342681269089780e+02
6.500000000000000000e+02 3.637800379350136950e+02
7.000000000000000000e+02 3.505472158945618730e+02
7.500000000000000000e+02 3.386607848570602073e+02
8.000000000000000000e+02 3.279068949412317693e+02
8.500000000000000000e+02 3.181164148731792807e+02
9.000000000000000000e+02 3.091535853476930811e+02
9.500000000000000000e+02 3.009080037766395321e+02
1.000000000000000000e+03 2.932888429517904569e+02
1.050000000000000000e+03 2.862206032316431674e+02
1.100000000000000000e+03 2.796399395976579854e+02
1.150000000000000000e+03 2.734932562557828533e+02
1.200000000000000000e+03 2.677348585821428060e+02
1.250000000000000000e+03 2.623255159529854268e+02
1.300000000000000000e+03 2.572313316841476762e+02
1.350000000000000000e+03 2.524228454179393282e+02
1.400000000000000000e+03 2.478743134851094112e+02
1.450000000000000000e+03 2.435631269867961919e+02
1.500000000000000000e+03 2.394693374943857123e+02
1.550000000000000000e+03 2.355752676103275292e+02
1.600000000000000000e+03 2.318651890107697966e+02
1.650000000000000000e+03 2.283250545723236087e+02
1.700000000000000000e+03 2.249422741635781620e+02
1.750000000000000000e+03 2.217055259315189630e+02
1.800000000000000000e+03 2.186045966274878367e+02
1.850000000000000000e+03 2.156302458351307507e+02
1.900000000000000000e+03 2.127740899837690733e+02
1.950000000000000000e+03 2.100285028275924333e+02
2.000000000000000000e+03 2.073865296975673971e+02
2.050000000000000000e+03 2.048418133287363787e+02
2.100000000000000000e+03 2.023885294603991554e+02
2.150000000000000000e+03 2.000213307229657573e+02
2.200000000000000000e+03 1.977352975801005357e+02
2.250000000000000000e+03 1.955258953011936285e+02
2.300000000000000000e+03 1.933889361072542101e+02
2.350000000000000000e+03 1.913205457708151016e+02
2.400000000000000000e+03 1.893171340634544890e+02
2.450000000000000000e+03 1.873753685378467253e+02
2.500000000000000000e+03 1.854921512086158373e+02
2.550000000000000000e+03 1.836645977606687268e+02
2.600000000000000000e+03 1.818900189675068475e+02
2.650000000000000000e+03 1.801659040471644744e+02
2.700000000000000000e+03 1.784899057214285278e+02
2.750000000000000000e+03 1.768598267761017837e+02
2.800000000000000000e+03 1.752736079472809365e+02
2.850000000000000000e+03 1.737293169817557441e+02
2.900000000000000000e+03 1.722251387393637856e+02
2.950000000000000000e+03 1.707593662220095325e+02
3.000000000000000000e+03 1.693303924285301036e+02
3.050000000000000000e+03 1.679367029470369062e+02
3.100000000000000000e+03 1.665768692070982411e+02
3.150000000000000000e+03 1.652495423234062741e+02
3.200000000000000000e+03 1.639534474706158846e+02
3.250000000000000000e+03 1.626873787360285633e+02
3.300000000000000000e+03 1.614501944028785374e+02
3.350000000000000000e+03 1.602408126222865405e+02
3.400000000000000000e+03 1.590582074365896403e+02
3.450000000000000000e+03 1.579014051208235401e+02
3.500000000000000000e+03 1.567694808127070303e+02
3.550000000000000000e+03 1.556615554046210832e+02
3.600000000000000000e+03 1.545767926738465405e+02
3.650000000000000000e+03 1.535143966297713121e+02
3.700000000000000000e+03 1.524736090589432536e+02
3.750000000000000000e+03 1.514537072507635855e+02
3.800000000000000000e+03 1.504540018883197661e+02
3.850000000000000000e+03 1.494738350903708408e+02
3.900000000000000000e+03 1.485125785918485803e+02
3.950000000000000000e+03 1.475696320514402657e+02
4.000000000000000000e+03 1.466444214758952285e+02
4.050000000000000000e+03 1.457363977516585578e+02
4.100000000000000000e+03 1.448450352752984145e+02
4.150000000000000000e+03 1.439698306749657775e+02
4.200000000000000000e+03 1.431103016158215837e+02
4.250000000000000000e+03 1.422659856829907881e+02
4.300000000000000000e+03 1.414364393361662167e+02
4.350000000000000000e+03 1.406212369304937795e+02
4.400000000000000000e+03 1.398199697988289927e+02
4.450000000000000000e+03 1.390322453908695479e+02
4.500000000000000000e+03 1.382576864650449124e+02
4.550000000000000000e+03 1.374959303293841515e+02
4.600000000000000000e+03 1.367466281278914266e+02
4.650000000000000000e+03 1.360094441692407088e+02
4.700000000000000000e+03 1.352840552948545962e+02
4.750000000000000000e+03 1.345701502836658960e+02
4.800000000000000000e+03 1.338674292910714030e+02
4.850000000000000000e+03 1.331756033197808620e+02
4.900000000000000000e+03 1.324943937204398878e+02
4.950000000000000000e+03 1.318235317200670238e+02
5.000000000000000000e+03 1.311627579764927134e+02
5.050000000000000000e+03 1.305118221571221397e+02
5.100000000000000000e+03 1.298704825404684584e+02
5.150000000000000000e+03 1.292385056390154432e+02
5.200000000000000000e+03 1.286156658420738381e+02
5.250000000000000000e+03 1.280017450773900407e+02
5.300000000000000000e+03 1.273965324903548577e+02
5.350000000000000000e+03 1.267998241397406645e+02
5.400000000000000000e+03 1.262114227089696641e+02
5.450000000000000000e+03 1.256311372319849511e+02
5.500000000000000000e+03 1.250587828328597055e+02
5.550000000000000000e+03 1.244941804783379240e+02
5.600000000000000000e+03 1.239371567425547056e+02
5.650000000000000000e+03 1.233875435832338212e+02
5.700000000000000000e+03 1.228451781287067206e+02
5.750000000000000000e+03 1.223099024751400208e+02
5.800000000000000000e+03 1.217815634933980959e+02
5.850000000000000000e+03 1.212600126450045650e+02
5.900000000000000000e+03 1.207451058067000389e+02
5.950000000000000000e+03 1.202367031031258904e+02
6.000000000000000000e+03 1.197346687471928561e+02
6.050000000000000000e+03 1.192388708877206369e+02
6.100000000000000000e+03 1.187491814639606531e+02
6.150000000000000000e+03 1.182654760666370208e+02
6.200000000000000000e+03 1.177876338051637646e+02
6.250000000000000000e+03 1.173155371807161913e+02
6.300000000000000000e+03 1.168490719648539624e+02
6.350000000000000000e+03 1.163881270834111064e+02
6.400000000000000000e+03 1.159325945053848983e+02
6.450000000000000000e+03 1.154823691365714495e+02
6.500000000000000000e+03 1.150373487177099463e+02
6.550000000000000000e+03 1.145974337269115892e+02
6.600000000000000000e+03 1.141625272861618043e+02
6.650000000000000000e+03 1.137325350716961196e+02
6.700000000000000000e+03 1.133073652280617409e+02
6.750000000000000000e+03 1.128869282856867358e+02
6.800000000000000000e+03 1.124711370817890810e+02
6.850000000000000000e+03 1.120599066844667107e+02
6.900000000000000000e+03 1.116531543198185688e+02
6.950000000000000000e+03 1.112507993019544159e+02
7.000000000000000000e+03 1.108527629657594815e+02
7.050000000000000000e+03 1.104589686022862054e+02
7.100000000000000000e+03 1.100693413966530443e+02
7.150000000000000000e+03 1.096838083683358462e+02
7.200000000000000000e+03 1.093022983137439184e+02
7.250000000000000000e+03 1.089247417509779723e+02
7.300000000000000000e+03 1.085510708666725748e+02
7.350000000000000000e+03 1.081812194648311447e+02
7.400000000000000000e+03 1.078151229175653754e+02
7.450000000000000000e+03 1.074527181176562181e+02
7.500000000000000000e+03 1.070939434328571167e+02
7.550000000000000000e+03 1.067387386618646019e+02
7.600000000000000000e+03 1.063870449918845367e+02
7.650000000000000000e+03 1.060388049577264269e+02
7.700000000000000000e+03 1.056939624023609383e+02
7.750000000000000000e+03 1.053524624388793569e+02
7.800000000000000000e+03 1.050142514137962166e+02
7.850000000000000000e+03 1.046792768716398285e+02
7.900000000000000000e+03 1.043474875207771078e+02
7.950000000000000000e+03 1.040188332004227050e+02
8.000000000000000000e+03 1.036932648487836985e+02
8.050000000000000909e+03 1.033707344722945010e+02
8.100000000000000000e+03 1.030511951158976842e+02
8.150000000000000000e+03 1.027346008343292283e+02
8.200000000000000000e+03 1.024209066643681894e+02
8.250000000000000000e+03 1.021100685980129441e+02
8.300000000000000000e+03 1.018020435565473178e+02
8.350000000000000000e+03 1.014967893654622344e+02
8.400000000000000000e+03 1.011942647301995777e+02
8.450000000000000000e+03 1.008944292126867026e+02
8.500000000000000000e+03 1.005972432086310704e+02
8.550000000000000000e+03 1.003026679255465154e+02
8.600000000000000000e+03 1.000106653614828787e+02
8.650000000000000000e+03 9.972119828443317147e+01
8.700000000000000000e+03 9.943423021239232185e+01
8.750000000000000000e+03 9.914972539404375595e+01
8.800000000000000000e+03 9.886764879005026785e+01
8.850000000000000000e+03 9.858796605492709375e+01
8.900000000000000000e+03 9.831064351947597402e+01
8.950000000000000000e+03 9.803564817375954021e+01
9.000000000000000000e+03 9.776294765059681424e+01
9.050000000000000000e+03 9.749251020956084801e+01
9.100000000000000000e+03 9.722430472146062641e+01
9.150000000000000000e+03 9.695830065328998160e+01
9.200000000000000000e+03 9.669446805362710506e+01
9.250000000000000000e+03 9.643277753846865608e+01
9.300000000000000000e+03 9.617320027748324662e+01
9.350000000000000000e+03 9.591570798066996417e+01
9.400000000000000000e+03 9.566027288540755080e+01
9.450000000000000000e+03 9.540686774388106528e+01
9.500000000000000000e+03 9.515546581087295408e+01
9.550000000000000000e+03 9.490604083190613949e+01
9.600000000000000000e+03 9.465856703172724451e+01
9.650000000000000000e+03 9.441301910311841539e+01
9.700000000000000000e+03 9.416937219602674247e+01
9.750000000000000000e+03 9.392760190700069245e+01
9.800000000000000000e+03 9.368768426892336265e+01
9.850000000000000000e+03 9.344959574103270938e+01
9.900000000000000000e+03 9.321331319921934266e+01
9.950000000000000000e+03 9.297881392659287769e+01
1.000000000000000000e+04 9.274607560430791864e+01
1.005000000000000000e+04 9.251507630264151771e+01
1.010000000000000000e+04 9.228579447231376776e+01
1.015000000000000000e+04 9.205820893604391131e+01
1.020000000000000000e+04 9.183229888033436339e+01
1.025000000000000000e+04 9.160804384747541462e+01
1.030000000000000000e+04 9.138542372776367984e+01
1.035000000000000000e+04 9.116441875192761302e+01
1.040000000000000000e+04 9.094500948375342375e+01
1.045000000000000000e+04 9.072717681290535552e+01
1.050000000000000000e+04 9.051090194793427202e+01
1.055000000000000000e+04 9.029616640946861139e+01
1.060000000000000000e+04 9.008295202358223719e+01
1.065000000000000000e+04 8.987124091533382853e+01
1.070000000000000000e+04 8.966101550247230989e+01
1.075000000000000000e+04 8.945225848930371626e+01
1.080000000000000000e+04 8.924495286071426392e+01
1.085000000000000000e+04 8.903908187634510796e+01
1.090000000000000000e+04 8.883462906491430999e+01
1.095000000000000000e+04 8.863157821868144026e+01
1.100000000000000000e+04 8.842991338805089185e+01
1.105000000000000000e+04 8.822961887630947331e+01
1.110000000000000000e+04 8.803067923449465582e+01
1.115000000000000000e+04 8.783307925638946756e+01
1.120000000000000000e+04 8.763680397364046826e+01
1.125000000000000000e+04 8.744183865099513753e+01
1.130000000000000000e+04 8.724816878165530909e+01
1.135000000000000000e+04 8.705578008274338231e+01
1.140000000000000000e+04 8.686465849087787205e+01
1.145000000000000000e+04 8.667479015785556840e+01
1.150000000000000000e+04 8.648616144643679604e+01
1.155000000000000000e+04 8.629875892623132927e+01
1.160000000000000000e+04 8.611256936968189279e+01
1.165000000000000000e+04 8.592757974814250588e+01
1.170000000000000000e+04 8.574377722804923962e+01
1.175000000000000000e+04 8.556114916718048846e+01
1.180000000000000000e+04 8.537968311100476626e+01
1.185000000000000000e+04 8.519936678911307126e+01
1.190000000000000000e+04 8.502018811173391555e+01
1.195000000000000000e+04 8.484213516632870267e+01
1.200000000000000000e+04 8.466519621426505182e+01
1.205000000000000000e+04 8.448935968756620696e+01
1.210000000000000000e+04 8.431461418573447020e+01
1.215000000000000000e+04 8.414094847264644272e+01
1.220000000000000000e+04 8.396835147351845308e+01
1.225000000000000000e+04 8.379681227194012649e+01
1.230000000000000000e+04 8.362632010697437579e+01
1.235000000000000000e+04 8.345686437032196636e+01
1.240000000000000000e+04 8.328843460354912054e+01
1.245000000000000000e+04 8.312102049537632809e+01
1.250000000000000000e+04 8.295461187902695599e+01
1.255000000000000000e+04 8.278919872963393800e+01
1.260000000000000000e+04 8.262477116170313707e+01
1.265000000000000000e+04 8.246131942663195957e+01
1.270000000000000000e+04 8.229883391028165818e+01
1.275000000000000000e+04 8.213730513060218641e+01
1.280000000000000000e+04 8.197672373530794232e+01
1.285000000000000000e+04 8.181708049960350593e+01
1.290000000000000000e+04 8.165836632395773620e+01
1.295000000000000000e+04 8.150057223192530387e+01
1.300000000000000000e+04 8.134368936801428163e+01
1.305000000000000000e+04 8.118770899559874010e+01
1.310000000000000000e+04 8.103262249487515589e+01
1.315000000000000000e+04 8.087842136086173639e+01
1.320000000000000000e+04 8.072509720143926870e+01
1.325000000000000000e+04 8.057264173543285324e+01
1.330000000000000000e+04 8.042104679073317186e+01
1.335000000000000000e+04 8.027030430245663695e+01
1.340000000000000000e+04 8.012040631114327027e+01
1.345000000000000000e+04 7.997134496099143064e+01
1.350000000000000000e+04 7.982311249812856602e+01
1.355000000000000000e+04 7.967570126891715176e+01
1.360000000000000000e+04 7.952910371829482017e+01
1.365000000000000000e+04 7.938331238814797075e+01
1.370000000000000000e+04 7.923831991571813660e+01
1.375000000000000000e+04 7.909411903204021144e+01
1.380000000000000000e+04 7.895070256041177004e+01
1.385000000000000000e+04 7.880806341489287092e+01
1.390000000000000000e+04 7.866619459883560239e+01
1.395000000000000000e+04 7.852508920344250498e+01
1.400000000000000000e+04 7.838474040635351514e+01
1.405000000000000000e+04 7.824514147026042110e+01
1.410000000000000000e+04 7.810628574154851833e+01
1.415000000000000000e+04 7.796816664896454085e+01
1.420000000000000000e+04 7.783077770231054160e+01
1.425000000000000000e+04 7.769411249116289753e+01
1.430000000000000000e+04 7.755816468361605587e+01
1.435000000000000000e+04 7.742292802505033933e+01
1.440000000000000000e+04 7.728839633692327027e+01
1.445000000000000000e+04 7.715456351558394488e+01
1.450000000000000000e+04 7.702142353110997419e+01
1.455000000000000000e+04 7.688897042616629562e+01
1.460000000000000000e+04 7.675719831488565603e+01
1.465000000000000000e+04 7.662610138176992791e+01
1.470000000000000000e+04 7.649567388061223028e+01
1.475000000000000000e+04 7.636591013343895895e+01
1.480000000000000000e+04 7.623680452947162678e+01
1.485000000000000000e+04 7.610835152410787430e+01
1.490000000000000000e+04 7.598054563792129557e+01
1.495000000000000000e+04 7.585338145567980916e+01
1.500000000000000000e+04 7.572685362538179277e+01
1.505000000000000000e+04 7.560095685731010917e+01
1.510000000000000000e+04 7.547568592310317115e+01
1.515000000000000000e+04 7.535103565484303090e+01
1.520000000000000000e+04 7.522700094415988303e+01
1.525000000000000000e+04 7.510357674135275374e+01
1.530000000000000000e+04 7.498075805452604925e+01
1.535000000000000000e+04 7.485853994874150885e+01
1.540000000000000000e+04 7.473691754518542041e+01
1.545000000000000000e+04 7.461588602035052986e+01
1.550000000000000000e+04 7.449544060523263056e+01
1.555000000000000000e+04 7.437557658454123555e+01
1.560000000000000000e+04 7.425628929592429017e+01
1.565000000000000000e+04 7.413757412920642764e+01
1.570000000000000000e+04 7.401942652564063962e+01
1.575000000000000000e+04 7.390184197717299242e+01
1.580000000000000000e+04 7.378481602572013287e+01
1.585000000000000000e+04 7.366834426245944201e+01
1.590000000000000000e+04 7.355242232713128203e+01
1.595000000000000000e+04 7.343704590735350735e+01
1.600000000000000000e+04 7.332221073794761423e+01
1.605000000000000000e+04 7.320791260027648661e+01
1.610000000000000182e+04 7.309414732159345363e+01
1.614999999999999818e+04 7.298091077440251695e+01
1.620000000000000000e+04 7.286819887582927890e+01
1.625000000000000000e+04 7.275600758700274184e+01
1.630000000000000000e+04 7.264433291244733937e+01
1.635000000000000182e+04 7.253317089948532725e+01
1.640000000000000000e+04 7.242251763764920724e+01
1.645000000000000000e+04 7.231236925810387106e+01
1.650000000000000000e+04 7.220272193307850728e+01
1.655000000000000000e+04 7.209357187530787314e+01
1.660000000000000000e+04 7.198491533748288873e+01
1.665000000000000000e+04 7.187674861171024077e+01
1.670000000000000000e+04 7.176906802898101034e+01
1.675000000000000000e+04 7.166186995864781295e+01
1.680000000000000000e+04 7.155515080791079185e+01
1.685000000000000000e+04 7.144890702131181115e+01
1.690000000000000000e+04 7.134313508023686268e+01
1.695000000000000000e+04 7.123783150242672946e+01
1.700000000000000000e+04 7.113299284149539403e+01
